5 23
5 21
5 9
5 14
5 19
5 25
5 24
5 11
5 13
5 16
5 23
5 15
5 5
5 17
5 7
5 6
6 17
6 30
6 26
6 21
6 35
6 22
6 22
7 41
7 14
7 21
7 37
7 9
7 18
7 33
7 30
7 46
7 48
7 10
7 28
7 38
7 37
8 53
8 10
8 39
8 41
8 54
9 36
9 73
9 77
9 17
9 26
9 26
9 9
9 78
9 16
9 65
10 86
10 51
10 27
10 27
10 34
10 99
11 105
11 74
11 28
11 42
11 12
12 111
13 59
13 81
13 91
13 88
13 62
13 138
13 107
13 40
14 20
14 101
14 178
14 67
14 102
15 32
15 25
15 210
15 182
15 203
15 166
16 65
17 105
17 101
17 264
17 92
17 21
18 57
19 319
19 278
20 370
20 21
20 229
21 325
21 238
21 361
21 234
22 450
22 114
22 101
23 441
23 261
23 292
23 354
23 235
24 318
24 186
24 277
24 387
25 423
25 36
25 427
26 149
27 122
29 709
30 319
31 724
32 528
32 314
32 34
33 140
33 370
33 910
34 1078
34 550
34 1093
35 508
35 1159
35 426
36 945
37 994
37 1196
38 230
38 215
41 463
41 1178
42 1074
43 1587
43 1738
43 1534
43 1572
45 793
46 197
47 2169
51 501
52 653
53 2088
54 128
56 1797
60 1840
61 2646
62 2896
63 1985
64 1064
64 415
65 1396
66 1606
66 4012
67 624
68 1549
73 1305
75 1711
76 709
76 987
79 1887
83 3137
84 2616
85 1690
85 447
87 6828
91 6699
91 570
91 777
96 4927
100 9863
101 246
101 8391
105 3430
112 8200
129 10736
132 3716
135 16668
136 248
138 2511
138 16427
140 16133
141 15291
151 19377
155 6343
159 9455
162 9954
163 21057
165 9874
167 27535
169 26438
177 6405
185 31551
191 26670
192 14376
194 32239
197 17708
197 17186
203 6029
204 32220
204 37188
207 28441
222 45676
223 27394
225 21885
226 42155
226 36351
227 27469
231 31178
235 31976
239 15077
242 53910
251 32231
254 54332
260 33917
260 13659
266 49902
278 38331
278 75240
278 50843
282 34346
283 47018
305 28468
306 76326
312 63685
314 96498
316 32606
328 24573
344 45602
347 117270
349 69200
358 124308
358 81254
377 39697
384 111006
389 98679
392 127903
401 134508
416 164202
417 81300
433 163023
443 44048
444 117000
448 164713
468 44338
471 215014
471 125637
472 23074
479 19094
486 46153
496 57000
497 221969
500 72364
516 157634
543 75579
546 27393
554 104279
556 111419
558 70224
562 93843
568 310893
583 323938
584 228590
633 396748
647 283089
652 386893
666 358526
700 339504
701 23386
712 300133
720 267905
723 281254
769 27818
819 397855
825 447797
825 539128
842 322725
846 557285
870 146395
881 681303
929 328622
938 279188
942 294598
969 622070
1005 225208
1014 432703
1015 138920
1051 403454
1052 956844
1068 220819
1114 728836
1121 1139592
1234 1511834
1238 1105052
1261 946208
1301 810432
1309 948040
1328 769458
1329 953291
1411 643775
1411 823736
1477 1886469
1520 383288
1526 2198300
1537 706851
1648 1279835
1720 2251885
1722 1833088
1846 2615848
1876 2725152
1925 2234092
1959 1184339
2048 465595
2052 1594261
2134 997213
2145 2951778
2157 1861305
2159 2286442
2161 2070967
2185 966262
2195 1011253
2207 1998937
2341 771601
2354 1512156
2365 3108841
2394 1623739
2395 2169230
2446 2805032
2471 3625754
2518 2837128
2534 984655
2552 1974915
2684 602583
2764 940388
2818 899901
2899 2144291
2955 3380482
2994 6590547
3089 318636
3125 9575203
3252 149273
3263 10191951
3610 3696094
3615 6142153
3650 13175437
3703 5911737
4031 9212314
4150 9047744
4158 13850991
4199 9221764
4263 16942378
4266 3766150
4336 4518365
4553 1796484
4607 13120954
4665 16585327
4685 17775774
4727 13818192
4802 20991420
4961 16034719
5008 11633709
5195 7661287
5326 6913845
5604 10909544
5705 30917194
5908 26537372
6020 14085258
6132 27487929
6242 15663829
6324 31886510
6492 2793697
7434 7564568
7549 31360104
7565 30499655
7616 32250209
7876 13264906
8252 22319206
8307 28432363
8425 12964028
8431 6219838
8652 12012701
9418 15654390
9488 1659176
9562 20650660
9807 19380097
9869 80182188
10508 42954493
10540 94832526
10643 47163130
11078 42671090
11242 42221146
11499 7842265
11664 70389426
11708 103158740
12079 39271909
12270 117545706
12305 15750155
12559 688788
13165 70279860
13751 457513
14302 79736328
15267 39158667
15323 34486807
15334 134611214
15526 93393275
17083 117107598
17263 194932239
17471 281676887
17527 185266786
17671 167355199
17738 247782356
17917 146522141
18267 100367388
18359 306541451
18594 17073659
20236 384240724
21001 20246546
21007 111205845
21163 421451894
21798 295346015
21886 11983290
22569 356391531
25027 210658405
25275 254782217
25567 170688843
26027 640914604
26340 480156665
26403 55301082
26635 107826250
26761 416957058
27114 386686413
27383 543328247
29077 205012326
30784 753721269
31297 661641082
31865 522173315
32805 853377074
33499 511916368
33527 800836659
33662 656004451
34074 829580010
34490 1086034677
34692 1189138219
38962 1053001587
39230 1076857294
40053 935130120
41575 779760966
42520 1091432920
42918 90095064
43187 904672573
43603 110156212
45080 883725143
46800 1714752748
49225 2082431200
49947 288726938
57712 2306927658
61744 2494232363
62371 652593493
62421 2485045406
63880 2277174103
64429 964165384
64635 221755840
73175 2531916513
73407 3616373157
74953 3099875149
76772 341820392
78453 2658702388
78656 4173356205
79511 4704392387
79752 3061575892
84222 924088460
85004 3965675606
85727 5701347540
85791 2779586071
85940 5162576965
86044 2017868664
88259 519300981
89141 4705279063
91204 5997264980
91862 5961102726
92727 3951771211
93711 419269372
95026 8649383367
103097 10496630470
104517 7456467987
105199 1386272269
105478 3881620149
107037 9555371648
110161 5604804492
113464 4303856130
113857 11133704284
113916 1463760940
114115 8672921358
114117 5723554346
121862 474509556
123840 7976047386
131392 5056089211
132133 6530509737
135830 4119564299
146352 18963595092
147789 19365193722
157098 22423387632
158173 5043801610
164785 19160141526
172991 10635553157
184901 21396699629
187473 13675444971
198250 15611243822
209269 3099999232
211369 33555190185
215814 15058934589
220791 43444701275
247374 37420962081
247584 36370366794
252144 40765973225
253709 39047601752
255018 58537191691
259829 21204084309
263845 60545897860
268679 68915382175
276601 27689106381
283788 7065982761
285678 63907350866
287670 52110528469
307641 1626153322
310783 31286132523
313725 11383817711
326876 92730190835
327568 52294981285
330098 3257600527
331241 46001465272
335346 93716427943
337378 29963893472
357849 1570944599
367098 102563752000
385767 41484726211
420348 110001227966
442923 55790802643
450689 169588889969
451749 81126115014
459224 122709057865
474108 142977395149
476043 60038158555
482241 170887048110
483758 206786853325
484035 2462185208
498707 124885093720
510730 117588855404
532354 47054195647
549353 84532803741
582319 27683552712
583186 281594313352
651676 241299099605
669247 71306042499
676994 329451126967
680199 214521870363
680274 356188202081
680572 350826925208
705060 484636904559
707436 474067612906
733838 270331943370
749961 77891043868
766923 482315204125
783431 507831470692
790226 534635042384
799445 139854738780
801487 326161111750
833304 399769530749
851615 302898022759
852490 393423667617
855062 238381648069
859188 620647458472
868845 744995946777
876711 276629110162
891344 96283158638
902149 465054679295
932559 580933596603
936326 212635843570
938625 207430835809
957089 258214922186
997499 962080810488
999012 213216141663
1005191 304877976782
1015425 93296306506
1024237 220694633456
1065575 855384809756
1089501 1148984739092
1108208 794809380432
1110216 515834624667
1113792 1044622361146
1142160 590161396596
1179068 50586328243
1194412 766455964714
1210016 189797552338
1213675 1102037220739
1231727 976353006384
1297746 1165154514069
1332737 1425241256987
1374753 1000596603737
1375282 787480351202
1420431 554959698943
1456708 775382460692
1456774 1210085524918
1472631 912141165131
1624061 917463585627
1657468 264279367091
1694461 1280215922674
1747470 2118740159275
1790738 756363431651
1823849 1046591124907
1831584 875068038436
1852473 1623961490060
1885130 1307879608678
1891213 1454980519048
1906920 1055617273076
1924529 1573286342959
1939198 2675175235783
1963169 1258578340907
1999338 2910938369002
2019923 759991906339
2099547 244962640180
2179351 1950340249521
2250435 4777773128659
2301116 1025883513097
2451280 415852104890
2487699 4562282159991
2599217 4628662587336
2643134 2798440424220
2653714 6499220426517
2786380 1889078827129
3046603 5088833113183
3052629 8097831644730
3094460 5704829379813
3140764 4758926317665
3234675 3502470533390
3279328 3713748525906
3337450 3182277451960
3457809 4194214138263
3480934 243755800378
3491353 9023871145827
3500384 12139432629453
3523218 5803144880304
3527895 295597376296
3581290 12558232485121
3654714 9889879615496
3702760 11478827134803
3709005 11709722087257
3731643 9859095905683
3791290 1135261946129
3827089 1005959638650
4071698 10102760684324
4135101 1199342809069
4200669 722783683563
4264203 17786467165342
4475286 6627315075936
4498113 1879400949007
4522005 11553799137293
4583691 12373972938354
4747717 5776409639987
5041656 14634388336810
5043195 4777477637291
5350441 8161884330512
5362555 21104884460394
5371119 6674811286183
5479854 14256834974602
5686676 17849704307288
5723398 23509598270088
5841423 27057113092571
5906975 17516557679858
6061677 29263395976066
6187256 34440196724685
6349041 23088458835105
6436188 13794916815227
6919782 22890606965045
6921339 26796876812506
6995080 7176625925821
7017877 31802212615923
7049185 7474564803591
7078286 38068159326801
7215538 9517860886913
7247913 10288481028028
7262203 52571188561205
8231650 60760724155017
8261842 31442451267818
8317085 68974415879364
8429885 25177089860759
8693283 45699339482781
9259763 35431793170376
9326427 66676423733482
9512681 68937317492535
9601789 16644524127602
9640498 58847719716663
9874187 68318565045473
10428786 58266355557761
10507318 80265969530848
11154166 21596171287436
11541068 47549507602383
11616877 44681082396088
12060117 33517035050384
12326205 150055830361261
12481120 143571689934517
13013647 24939715232772
13071861 52238906789287
13121700 69109414988456
13350528 18930735002413
14823745 59645141047443
15507953 43834594144960
15626070 65619748708565
15680029 116982277147845
16027853 142184903537699
16044880 148067290984833
16091139 184007060937761
16318806 173572493762362
16395814 62085800609710
16546274 9330630036548
17889121 173552520211046
19363324 364479050242873
19406312 128197706928735
20042741 87308213338229
20550518 258765931589444
20937752 412586542028860
20993018 220632952564719
21134230 317204970857383
21594011 106943493844529
21611341 307862813809529
22551149 259297916456750
22794782 374963896274721
23227025 301156540958449
25336211 409852907405282
25360610 396555006008919
26747417 30407406773966
26858742 97045028425354
28158208 28893558469861
28254018 432042119692619
29661735 821572790595875
29686742 365734987266055
29771011 604472272787579
29775516 120555719329710
30818146 693117231938281
31027224 274349306699594
32590362 21850075210308
35011850 336385858687752
37444830 1054469090211789
37820504 254242616244411
39403934 1203586448380153
40186480 430587372300245
41208707 1513865457301024
42794519 930754152912419
43274176 269762433553606
43621275 765078526985137
43950551 299042778054602
44534428 237533760691149
45594269 2069621441873804
46754846 1997277301057122
46944139 823875654285834
47503607 1908442641836298
48896535 1399290029479815
48900805 383872982200670
50164774 2497723074507976
50245534 723531726824058
50958815 1610022202251141
51197375 276578481220878
53842793 2821863130321568
55130897 2804504926906163
58832171 598934127725193
59923016 3149329778887061
61055876 881830513770687
61965405 1562006030364986
62401730 2179929835645559
63383280 1936238071835684
64619974 208384896431532
64991528 576691140714898
65844648 2232711448056669
65848219 3413010096068048
71719793 5058319695489090
72155624 1370204062311476
76541172 3755571346350090
78306582 2749503745729418
79301184 5211550602734632
83958112 3543106626293664
84579777 484460767426022
86195950 5410226341309015
86672669 4058186628359075
87088521 2129445490353586
87205258 5037254204627739
89783180 7245006747015277
92923126 4558302217454948
93009907 6172832756014751
95750722 3156349573793843
98260928 7287643866397377
99137029 8205559138079220
99982487 6299215583647746
107988989 10749008505630166
110278037 9472086404750219
119593718 8197766577568011
120106764 2976515970849570
120800104 6754710052043731
121045822 2345489992048081
128740041 14706808116123288
131179022 1971861887255548
138438091 5480067681579784
138812791 17046312943171444
147294083 7069468375416213
149088176 20757880362693039
150142894 18601793752373600
150512661 20192974664121079
150881220 5558987942636047
152918357 539751306542406
155099069 23814479827469485
158249929 4390503386159580
161740162 9625024468071490
162705614 7441928314290404
162898281 18743049332884798
166628577 12248550575469445
167281965 21962955827711462
167871791 20443457440997270
170480452 11366533557208780
188313118 13800860463383046
188905091 16019860025636097
190527398 9684699756447089
206411682 32366481497294152
215211761 17428562771737003
218394558 10679843470541380
222000587 40079641935060847
223711572 18663838603639451
224608761 20210926774019035
248108096 55471665624458186
250098613 20162823588627575
251058297 27796642085019047
258586273 56478521500450311
259553792 28170781053966073
262860782 36764153980438993
265882063 16591049581425743
266006811 37908690782818780
273446334 10512533524989110
273766397 49296672477758166
276365741 31666997671621317
281973958 13238190362211968
286005458 24518327930573037
298055193 48625552804328441
300509354 84513873680767223
311430054 78499313192801071
324218040 70240985327501309
330317878 77788131881267772
338945974 102236935680883324
341980693 60599479512884042
347401906 52648167977996039
370789882 121696535647647453
389547988 108426684604879037
401023429 50419798442963886
411575724 8852509901569633
413591041 165660463242793709
434859850 33718303416735182
437391484 136432462626878039
444490308 39234519651247345
446048751 9058655323167341
468504865 97063881062737501
469394969 99950552008802040
479494239 228502252581687731
491996560 62610273602501492
495687358 113864048632501886
526112042 48452375527660672
545016224 182488364918239140
547851742 108134589958555501
549364024 114597565015833777
614714267 353911128824806025
625384907 115775211701533980
643001690 337872926581204970
645798401 235005101687296815
687221582 307685445330031934
692147663 330274560423785566
714465430 147381113794534231
744447228 454791777061139093
753730032 492932064749962923
761499236 38971223370349766
809560573 639824237186082976
810349608 535488410335961221
834036100 670428986636760211
858347499 396607016733875769
859334733 127641561662921058
866634888 333159510195029662
875395766 91185739166777371
895023618 737904703174915190
895456832 489979183991296599
900696417 569529718395829629
904061182 500708722917246662
927685687 157961935843449839
980621001 877824608943695795
984759634 54632298107534987
1022634582 715878399694470110
1028076230 845234689803539556
1050372521 853576205912480808
1084739897 612513491814277702
1109631517 614011332564968542
1119498158 1026359275822569031
1132053294 279791283371400947
1163273133 804786657528461523
1169097078 889031412412336259
1219998521 907596056547939055
1240299794 1083025600732309779
1283180100 506387626952945531
1300096318 1207321497951162468
1300552849 843705563507007229
1364596809 1346594427042799994
1385182025 1566384901887332768
1404480541 176942791829417091
1432007531 1702340683629343166
1464050477 1760913055574699582
1479258146 227872430680602546
1513292123 67204345079406902
1568461453 1482837340979899459
1630189674 2249189089754584604
1634403372 14955913079082832
1641709400 523304398750116728
1649454982 205997718205318465
1663740059 91530756658875895
1677785017 1947533803228513584
1691319051 30780801103813771
1722221847 1610032001133497716
1745484083 2913705985296970495
1772610587 1835162020545682900
1793016155 2029498630031325868
1796195423 1740257955486375698
1837336381 398109344547522217
1858819504 686961540606992263
1888530528 83732208194286839
2030293858 2418286418692165578
2062803554 189715009163232859
2087911172 2046685376524617943
2096755365 1236574703971047598
2118699745 1610772615258292210
2178627733 3344725682906087729
2234575797 576004176509885111
2259890184 2201890144110675080
2299083562 410798067262773723
2392317332 3759295781451271864
2495979683 4745637980169532203
2516749909 2441573326996242942
2551961423 2339079194000066128
2595601368 3690706306743015425
2601126710 5508464896067335190
2671650793 2336652400326773687
2682443550 2602211465220530704
2733982281 6874794763911073576
2798723618 4043786844950195397
2929802188 924222264928754807
2996058456 4479598254365730637
3023019501 6990645942614840560
3130566671 7038447057166001681
3266577874 313128434138652309
3588710692 10073555011270347872
3606501894 4269061200457563722
3611723804 2599985629293279548
3681433074 4809905110292181429
3730128996 5912491141621237317
3829016724 12605038153099133876
3868140031 13616971947264503477
4130906203 12145369416652295117
4168003478 2576504736332601654
4234233808 14030953540940038675
4338782365 13717495810009563392
4671195920 12135099920047001220
4942565268 15804829151555169441
5090466079 11481137543354058074
5231399901 25353718072429143774
5475960575 25069247310987793077
5693122129 14076227219956200389
5748480742 5173888980167392884
5896518760 4842998108352930476
6276289479 19710434309416065814
6289396182 21791920054836903818
6678227363 32577695849964349602
6757221209 45157676363230848387
6775922298 24929769674852757563
6785669994 25746222091759805567
6926558886 35770892815724550375
7127327036 42967320381823023223
7389238137 48295458817238629587
7437039364 19657452275783877639
7740347555 51668627372969782247
7937230916 17457944141890551886
8037198192 21576596222957095057
8155842259 39366192968372355301
8406024896 35180058245192361062
8581691702 50656445803880977786
8612756877 40040496523600513826
8665175646 3680155649264121651
9128095664 21915235953377858118
9433342493 59256986784417681385
9516856816 26742903773801960073
9609009689 50680410546626972184
9721184735 58233827656504662035
9819212741 44496397338162350640
9900612123 43092432725808162869
