5 23 0.65
5 21 0.7
5 9 0.67
5 14 0.66
5 19 0.66
5 25 0.67
5 24 0.72
5 11 0.66
5 13 0.67
5 16 0.66
5 23 0.66
5 15 0.67
5 5 0.66
5 17 0.66
5 7 0.66
5 6 0.67
6 17 0.67
6 30 0.67
6 26 0.66
6 21 0.67
6 35 0.7
6 22 0.73
6 22 0.72
7 41 0.7
7 14 0.73
7 21 0.69
7 37 0.67
7 9 0.68
7 18 0.67
7 33 0.7
7 30 0.7
7 46 0.68
7 48 0.69
7 10 0.68
7 28 0.71
7 38 0.7
7 37 0.68
8 53 0.69
8 10 0.69
8 39 0.69
8 41 0.69
8 54 0.7
9 36 0.7
9 73 0.7
9 77 0.69
9 17 0.69
9 26 0.69
9 26 0.73
9 9 0.67
9 78 0.67
9 16 0.7
9 65 0.73
10 86 0.71
10 51 0.69
10 27 0.68
10 27 0.71
10 34 0.69
10 99 0.7
11 105 0.69
11 74 0.76
11 28 0.72
11 42 0.72
11 12 0.74
12 111 0.73
13 59 0.72
13 81 0.82
13 91 0.76
13 88 0.67
13 62 0.68
13 138 0.67
13 107 0.7
13 40 0.68
14 20 0.68
14 101 0.68
14 178 0.72
14 67 0.67
14 102 0.67
15 32 0.68
15 25 0.68
15 210 0.68
15 182 0.66
15 203 0.67
15 166 0.67
16 65 0.66
17 105 0.65
17 101 0.67
17 264 0.67
17 92 0.66
17 21 0.67
18 57 0.67
19 319 0.67
19 278 0.67
20 370 0.73
20 21 0.72
20 229 0.75
21 325 0.73
21 238 0.68
21 361 0.69
21 234 0.7
22 450 0.7
22 114 0.7
22 101 0.69
23 441 0.73
23 261 0.7
23 292 0.69
23 354 0.71
23 235 0.68
24 318 0.76
24 186 0.77
24 277 0.75
24 387 0.72
25 423 0.68
25 36 0.72
25 427 0.69
26 149 0.67
27 122 0.71
29 709 0.67
30 319 0.67
31 724 0.67
32 528 0.7
32 314 0.69
32 34 0.72
33 140 0.7
33 370 0.69
33 910 0.68
34 1078 0.68
34 550 0.7
34 1093 0.7
35 508 0.7
35 1159 0.7
35 426 0.68
36 945 0.7
37 994 0.69
37 1196 0.69
38 230 0.67
38 215 0.78
41 463 0.7
41 1178 0.69
42 1074 0.67
43 1587 0.67
43 1738 0.67
43 1534 0.7
43 1572 0.71
45 793 0.69
46 197 0.71
47 2169 0.7
51 501 0.73
52 653 0.69
53 2088 0.71
54 128 0.73
56 1797 0.68
60 1840 0.71
61 2646 0.79
62 2896 0.76
63 1985 0.9
64 1064 0.83
64 415 1.02
65 1396 0.78
66 1606 1.12
66 4012 0.8
67 624 0.71
68 1549 0.81
73 1305 0.78
75 1711 0.72
76 709 0.95
76 987 0.79
79 1887 0.73
83 3137 0.72
84 2616 0.85
85 1690 0.75
85 447 0.76
87 6828 0.7
91 6699 0.75
91 570 0.73
91 777 0.73
96 4927 0.68
100 9863 0.68
101 246 0.68
101 8391 0.69
105 3430 0.69
112 8200 0.68
129 10736 0.68
132 3716 0.68
135 16668 0.69
136 248 0.73
138 2511 0.67
138 16427 0.68
140 16133 0.67
141 15291 0.68
151 19377 0.69
155 6343 0.69
159 9455 0.68
162 9954 0.69
163 21057 0.81
165 9874 0.82
167 27535 0.78
169 26438 0.69
177 6405 0.67
185 31551 0.67
191 26670 0.7
192 14376 0.73
194 32239 0.67
197 17708 0.66
197 17186 0.67
203 6029 0.67
204 32220 0.66
204 37188 0.67
207 28441 0.67
222 45676 0.66
223 27394 0.67
225 21885 0.67
226 42155 0.66
226 36351 0.66
227 27469 0.67
231 31178 0.68
235 31976 0.71
239 15077 0.74
242 53910 0.67
251 32231 0.69
254 54332 0.67
260 33917 0.69
260 13659 0.68
266 49902 0.67
278 38331 0.69
278 75240 0.67
278 50843 0.67
282 34346 0.69
283 47018 0.68
305 28468 0.68
306 76326 0.67
312 63685 0.67
314 96498 0.68
316 32606 0.68
328 24573 0.67
344 45602 0.68
347 117270 0.71
349 69200 0.72
358 124308 0.73
358 81254 0.72
377 39697 0.69
384 111006 0.69
389 98679 0.68
392 127903 0.66
401 134508 0.67
416 164202 0.68
417 81300 0.68
433 163023 0.69
443 44048 0.67
444 117000 0.67
448 164713 0.67
468 44338 0.69
471 215014 0.67
471 125637 0.68
472 23074 0.69
479 19094 0.68
486 46153 0.66
496 57000 0.68
497 221969 0.69
500 72364 0.73
516 157634 0.69
543 75579 0.69
546 27393 0.68
554 104279 0.68
556 111419 0.68
558 70224 0.68
562 93843 0.7
568 310893 0.71
583 323938 0.72
584 228590 0.7
633 396748 0.68
647 283089 0.66
652 386893 0.67
666 358526 0.71
700 339504 0.71
701 23386 0.71
712 300133 0.71
720 267905 0.72
723 281254 0.73
769 27818 0.72
819 397855 0.69
825 447797 0.68
825 539128 0.67
842 322725 0.67
846 557285 0.69
870 146395 0.7
881 681303 0.68
929 328622 0.69
938 279188 0.71
942 294598 0.72
969 622070 0.68
1005 225208 0.71
1014 432703 0.69
1015 138920 0.66
1051 403454 0.72
1052 956844 0.7
1068 220819 0.74
1114 728836 0.74
1121 1139592 0.71
1234 1511834 0.75
1238 1105052 0.72
1261 946208 0.71
1301 810432 0.69
1309 948040 0.66
1328 769458 0.67
1329 953291 0.71
1411 643775 0.81
1411 823736 0.68
1477 1886469 0.67
1520 383288 0.66
1526 2198300 0.66
1537 706851 0.67
1648 1279835 0.67
1720 2251885 0.68
1722 1833088 0.68
1846 2615848 0.66
1876 2725152 0.68
1925 2234092 0.67
1959 1184339 0.66
2048 465595 0.67
2052 1594261 0.68
2134 997213 0.66
2145 2951778 0.66
2157 1861305 0.67
2159 2286442 0.67
2161 2070967 0.67
2185 966262 0.67
2195 1011253 0.66
2207 1998937 0.67
2341 771601 0.66
2354 1512156 0.69
2365 3108841 0.66
2394 1623739 0.65
2395 2169230 0.67
2446 2805032 0.67
2471 3625754 0.68
2518 2837128 0.67
2534 984655 0.67
2552 1974915 0.67
2684 602583 0.67
2764 940388 0.67
2818 899901 0.67
2899 2144291 0.67
2955 3380482 0.68
2994 6590547 0.71
3089 318636 0.66
3125 9575203 0.71
3252 149273 0.66
3263 10191951 0.68
3610 3696094 0.67
3615 6142153 0.7
3650 13175437 0.69
3703 5911737 0.71
4031 9212314 0.72
4150 9047744 0.74
4158 13850991 0.7
4199 9221764 0.71
4263 16942378 0.7
4266 3766150 0.66
4336 4518365 0.68
4553 1796484 0.67
4607 13120954 0.68
4665 16585327 0.7
4685 17775774 0.71
4727 13818192 0.68
4802 20991420 0.71
4961 16034719 0.73
5008 11633709 0.69
5195 7661287 0.68
5326 6913845 0.68
5604 10909544 0.73
5705 30917194 0.74
5908 26537372 0.72
6020 14085258 0.68
6132 27487929 0.72
6242 15663829 0.7
6324 31886510 0.73
6492 2793697 0.72
7434 7564568 0.67
7549 31360104 0.74
7565 30499655 0.71
7616 32250209 0.73
7876 13264906 0.68
8252 22319206 0.72
8307 28432363 0.73
8425 12964028 0.7
8431 6219838 0.7
8652 12012701 0.7
9418 15654390 0.7
9488 1659176 0.66
9562 20650660 0.7
9807 19380097 0.7
9869 80182188 0.84
10508 42954493 0.76
10540 94832526 0.88
10643 47163130 0.78
11078 42671090 0.77
11242 42221146 0.75
11499 7842265 0.71
11664 70389426 0.84
11708 103158740 0.92
12079 39271909 0.86
12270 117545706 0.93
12305 15750155 0.87
12559 688788 0.85
13165 70279860 0.86
13751 457513 0.71
14302 79736328 0.87
15267 39158667 0.78
15323 34486807 0.8
15334 134611214 1.07
15526 93393275 0.96
17083 117107598 1.03
17263 194932239 1.2
17471 281676887 1.31
17527 185266786 1.15
17671 167355199 1.1
17738 247782356 1.31
17917 146522141 1.03
18267 100367388 0.99
18359 306541451 1.37
18594 17073659 0.78
20236 384240724 1.49
21001 20246546 0.72
21007 111205845 1.01
21163 421451894 1.36
21798 295346015 1.34
21886 11983290 0.7
22569 356391531 1.56
25027 210658405 1.54
25275 254782217 1.34
25567 170688843 1.15
26027 640914604 1.53
26340 480156665 1.27
26403 55301082 0.84
26635 107826250 0.98
26761 416957058 1.46
27114 386686413 1.42
27383 543328247 1.75
29077 205012326 1.62
30784 753721269 1.5
31297 661641082 1.76
31865 522173315 1.58
32805 853377074 1.62
33499 511916368 1.51
33527 800836659 1.46

